(kicad_pcb (version 20171130) (host pcbnew 5.1.4-e60b266~84~ubuntu16.04.1)

  (general
    (thickness 1.6)
    (drawings 4)
    (tracks 251)
    (zones 0)
    (modules 63)
    (nets 95)
  )

  (page USLetter)
  (layers
    (0 F.Cu signal)
    (31 B.Cu signal)
    (32 B.Adhes user)
    (33 F.Adhes user)
    (34 B.Paste user)
    (35 F.Paste user)
    (36 B.SilkS user)
    (37 F.SilkS user)
    (38 B.Mask user)
    (39 F.Mask user)
    (40 Dwgs.User user)
    (41 Cmts.User user)
    (42 Eco1.User user)
    (43 Eco2.User user)
    (44 Edge.Cuts user)
    (45 Margin user)
    (46 B.CrtYd user)
    (47 F.CrtYd user)
    (48 B.Fab user)
    (49 F.Fab user)
  )

  (setup
    (last_trace_width 0.8)
    (trace_clearance 0.254)
    (zone_clearance 0.508)
    (zone_45_only no)
    (trace_min 0.2)
    (via_size 0.899)
    (via_drill 0.635)
    (via_min_size 0.4)
    (via_min_drill 0.3)
    (uvia_size 0.508)
    (uvia_drill 0.127)
    (uvias_allowed no)
    (uvia_min_size 0.2)
    (uvia_min_drill 0.1)
    (edge_width 0.05)
    (segment_width 0.2)
    (pcb_text_width 0.3)
    (pcb_text_size 1.5 1.5)
    (mod_edge_width 0.12)
    (mod_text_size 1 1)
    (mod_text_width 0.15)
    (pad_size 1.524 1.524)
    (pad_drill 0.762)
    (pad_to_mask_clearance 0.051)
    (solder_mask_min_width 0.25)
    (aux_axis_origin 0 0)
    (visible_elements FFFFFF7F)
    (pcbplotparams
      (layerselection 0x010fc_ffffffff)
      (usegerberextensions false)
      (usegerberattributes false)
      (usegerberadvancedattributes false)
      (creategerberjobfile false)
      (excludeedgelayer true)
      (linewidth 0.100000)
      (plotframeref false)
      (viasonmask false)
      (mode 1)
      (useauxorigin false)
      (hpglpennumber 1)
      (hpglpenspeed 20)
      (hpglpendiameter 15.000000)
      (psnegative false)
      (psa4output false)
      (plotreference true)
      (plotvalue true)
      (plotinvisibletext false)
      (padsonsilk false)
      (subtractmaskfromsilk false)
      (outputformat 1)
      (mirror false)
      (drillshape 1)
      (scaleselection 1)
      (outputdirectory ""))
  )

  (net 0 "")
  (net 1 "Net-(C1-Pad2)")
  (net 2 "Net-(C1-Pad1)")
  (net 3 "Net-(C2-Pad1)")
  (net 4 "Net-(C2-Pad2)")
  (net 5 "Net-(C3-Pad1)")
  (net 6 GNDA)
  (net 7 "Net-(C4-Pad2)")
  (net 8 +5VA)
  (net 9 "Net-(D1-Pad2)")
  (net 10 "Net-(D2-Pad2)")
  (net 11 "Net-(D3-Pad2)")
  (net 12 "Net-(D4-Pad2)")
  (net 13 "Net-(D5-Pad2)")
  (net 14 "Net-(D6-Pad2)")
  (net 15 "Net-(D7-Pad2)")
  (net 16 "Net-(D8-Pad2)")
  (net 17 "Net-(D9-Pad1)")
  (net 18 "Net-(D9-Pad2)")
  (net 19 "Net-(JP3-Pad1)")
  (net 20 "Net-(JP3-Pad2)")
  (net 21 "Net-(JP3-Pad3)")
  (net 22 "Net-(JP4-Pad8)")
  (net 23 "Net-(JP4-Pad7)")
  (net 24 "Net-(JP4-Pad6)")
  (net 25 "Net-(JP4-Pad5)")
  (net 26 "Net-(JP4-Pad4)")
  (net 27 "Net-(JP4-Pad3)")
  (net 28 "Net-(JP4-Pad2)")
  (net 29 "Net-(JP4-Pad1)")
  (net 30 "Net-(JP5-Pad1)")
  (net 31 "Net-(JP6-Pad3)")
  (net 32 "Net-(JP6-Pad4)")
  (net 33 "Net-(JP6-Pad5)")
  (net 34 "Net-(JP6-Pad6)")
  (net 35 "Net-(JP6-Pad7)")
  (net 36 "Net-(JP6-Pad8)")
  (net 37 "Net-(JP6-Pad9)")
  (net 38 "Net-(JP6-Pad10)")
  (net 39 "Net-(JP6-Pad11)")
  (net 40 "Net-(JP6-Pad12)")
  (net 41 "Net-(JP6-Pad13)")
  (net 42 "Net-(JP6-Pad14)")
  (net 43 "Net-(JP8-Pad8)")
  (net 44 "Net-(JP8-Pad7)")
  (net 45 "Net-(JP8-Pad6)")
  (net 46 "Net-(JP8-Pad5)")
  (net 47 "Net-(JP8-Pad4)")
  (net 48 "Net-(JP8-Pad3)")
  (net 49 "Net-(JP8-Pad2)")
  (net 50 "Net-(JP8-Pad1)")
  (net 51 "Net-(JP10-Pad1)")
  (net 52 "Net-(JP10-Pad2)")
  (net 53 "Net-(JP10-Pad3)")
  (net 54 "Net-(JP10-Pad4)")
  (net 55 "Net-(JP10-Pad5)")
  (net 56 "Net-(JP10-Pad6)")
  (net 57 "Net-(JP10-Pad7)")
  (net 58 "Net-(JP10-Pad8)")
  (net 59 "Net-(R10-Pad2)")
  (net 60 "Net-(R11-Pad2)")
  (net 61 "Net-(R12-Pad2)")
  (net 62 "Net-(R13-Pad2)")
  (net 63 "Net-(R14-Pad2)")
  (net 64 "Net-(R15-Pad2)")
  (net 65 "Net-(R16-Pad2)")
  (net 66 "Net-(R18-Pad2)")
  (net 67 "Net-(S1-Pad2)")
  (net 68 "Net-(S1-Pad4)")
  (net 69 "Net-(S2-Pad2)")
  (net 70 "Net-(S2-Pad4)")
  (net 71 "Net-(S3-Pad4)")
  (net 72 "Net-(S3-Pad2)")
  (net 73 "Net-(S4-Pad2)")
  (net 74 "Net-(S4-Pad4)")
  (net 75 "Net-(S5-Pad4)")
  (net 76 "Net-(S5-Pad2)")
  (net 77 "Net-(S6-Pad2)")
  (net 78 "Net-(S6-Pad4)")
  (net 79 "Net-(S7-Pad4)")
  (net 80 "Net-(S7-Pad2)")
  (net 81 "Net-(S8-Pad4)")
  (net 82 "Net-(S8-Pad2)")
  (net 83 "Net-(U2-Pad7)")
  (net 84 "Net-(U2-Pad8)")
  (net 85 "Net-(U2-Pad11)")
  (net 86 "Net-(U2-Pad12)")
  (net 87 "Net-(U2-Pad13)")
  (net 88 "Net-(U2-Pad14)")
  (net 89 "Net-(X1-Pad1)")
  (net 90 "Net-(X1-Pad4)")
  (net 91 "Net-(X1-Pad6)")
  (net 92 "Net-(X1-Pad7)")
  (net 93 "Net-(X1-Pad8)")
  (net 94 "Net-(X1-Pad9)")

  (net_class Default "This is the default net class."
    (clearance 0.254)
    (trace_width 0.8)
    (via_dia 0.899)
    (via_drill 0.635)
    (uvia_dia 0.508)
    (uvia_drill 0.127)
    (diff_pair_width 0.255)
    (diff_pair_gap 0.25)
    (add_net +5VA)
    (add_net GNDA)
    (add_net "Net-(C1-Pad1)")
    (add_net "Net-(C1-Pad2)")
    (add_net "Net-(C2-Pad1)")
    (add_net "Net-(C2-Pad2)")
    (add_net "Net-(C3-Pad1)")
    (add_net "Net-(C4-Pad2)")
    (add_net "Net-(D1-Pad2)")
    (add_net "Net-(D2-Pad2)")
    (add_net "Net-(D3-Pad2)")
    (add_net "Net-(D4-Pad2)")
    (add_net "Net-(D5-Pad2)")
    (add_net "Net-(D6-Pad2)")
    (add_net "Net-(D7-Pad2)")
    (add_net "Net-(D8-Pad2)")
    (add_net "Net-(D9-Pad1)")
    (add_net "Net-(D9-Pad2)")
    (add_net "Net-(JP10-Pad1)")
    (add_net "Net-(JP10-Pad2)")
    (add_net "Net-(JP10-Pad3)")
    (add_net "Net-(JP10-Pad4)")
    (add_net "Net-(JP10-Pad5)")
    (add_net "Net-(JP10-Pad6)")
    (add_net "Net-(JP10-Pad7)")
    (add_net "Net-(JP10-Pad8)")
    (add_net "Net-(JP3-Pad1)")
    (add_net "Net-(JP3-Pad2)")
    (add_net "Net-(JP3-Pad3)")
    (add_net "Net-(JP4-Pad1)")
    (add_net "Net-(JP4-Pad2)")
    (add_net "Net-(JP4-Pad3)")
    (add_net "Net-(JP4-Pad4)")
    (add_net "Net-(JP4-Pad5)")
    (add_net "Net-(JP4-Pad6)")
    (add_net "Net-(JP4-Pad7)")
    (add_net "Net-(JP4-Pad8)")
    (add_net "Net-(JP5-Pad1)")
    (add_net "Net-(JP6-Pad10)")
    (add_net "Net-(JP6-Pad11)")
    (add_net "Net-(JP6-Pad12)")
    (add_net "Net-(JP6-Pad13)")
    (add_net "Net-(JP6-Pad14)")
    (add_net "Net-(JP6-Pad3)")
    (add_net "Net-(JP6-Pad4)")
    (add_net "Net-(JP6-Pad5)")
    (add_net "Net-(JP6-Pad6)")
    (add_net "Net-(JP6-Pad7)")
    (add_net "Net-(JP6-Pad8)")
    (add_net "Net-(JP6-Pad9)")
    (add_net "Net-(JP8-Pad1)")
    (add_net "Net-(JP8-Pad2)")
    (add_net "Net-(JP8-Pad3)")
    (add_net "Net-(JP8-Pad4)")
    (add_net "Net-(JP8-Pad5)")
    (add_net "Net-(JP8-Pad6)")
    (add_net "Net-(JP8-Pad7)")
    (add_net "Net-(JP8-Pad8)")
    (add_net "Net-(R10-Pad2)")
    (add_net "Net-(R11-Pad2)")
    (add_net "Net-(R12-Pad2)")
    (add_net "Net-(R13-Pad2)")
    (add_net "Net-(R14-Pad2)")
    (add_net "Net-(R15-Pad2)")
    (add_net "Net-(R16-Pad2)")
    (add_net "Net-(R18-Pad2)")
    (add_net "Net-(S1-Pad2)")
    (add_net "Net-(S1-Pad4)")
    (add_net "Net-(S2-Pad2)")
    (add_net "Net-(S2-Pad4)")
    (add_net "Net-(S3-Pad2)")
    (add_net "Net-(S3-Pad4)")
    (add_net "Net-(S4-Pad2)")
    (add_net "Net-(S4-Pad4)")
    (add_net "Net-(S5-Pad2)")
    (add_net "Net-(S5-Pad4)")
    (add_net "Net-(S6-Pad2)")
    (add_net "Net-(S6-Pad4)")
    (add_net "Net-(S7-Pad2)")
    (add_net "Net-(S7-Pad4)")
    (add_net "Net-(S8-Pad2)")
    (add_net "Net-(S8-Pad4)")
    (add_net "Net-(U2-Pad11)")
    (add_net "Net-(U2-Pad12)")
    (add_net "Net-(U2-Pad13)")
    (add_net "Net-(U2-Pad14)")
    (add_net "Net-(U2-Pad7)")
    (add_net "Net-(U2-Pad8)")
    (add_net "Net-(X1-Pad1)")
    (add_net "Net-(X1-Pad4)")
    (add_net "Net-(X1-Pad6)")
    (add_net "Net-(X1-Pad7)")
    (add_net "Net-(X1-Pad8)")
    (add_net "Net-(X1-Pad9)")
  )

  (module user:Capacitor_elect (layer F.Cu) (tedit 51C9C7BE) (tstamp 5D664062)
    (at 184.15 71.12 180)
    (descr "Capacitor, pol, cyl 5x11mm")
    (path /5D63FF21)
    (fp_text reference C1 (at 0 -3.81) (layer F.SilkS)
      (effects (font (size 1 1) (thickness 0.15)))
    )
    (fp_text value "10 u" (at 0 3.81) (layer F.SilkS)
      (effects (font (size 1.524 1.524) (thickness 0.3048)))
    )
    (fp_line (start 0.889 -1.27) (end 1.778 -1.27) (layer F.SilkS) (width 0.254))
    (fp_line (start 1.016 -2.286) (end -1.016 -2.286) (layer F.SilkS) (width 0.254))
    (fp_line (start -1.016 -2.286) (end -1.016 -2.159) (layer F.SilkS) (width 0.254))
    (fp_line (start -1.016 -2.159) (end 1.016 -2.159) (layer F.SilkS) (width 0.254))
    (fp_line (start -1.524 -2.032) (end 1.524 -2.032) (layer F.SilkS) (width 0.254))
    (fp_circle (center 0 0) (end -2.54 0) (layer F.SilkS) (width 0.254))
    (pad 2 thru_hole circle (at 0 -1.27 180) (size 1.99898 1.99898) (drill 0.8001) (layers *.Cu *.Mask F.SilkS)
      (net 1 "Net-(C1-Pad2)"))
    (pad 1 thru_hole circle (at 0 1.27 180) (size 1.99898 1.99898) (drill 0.8001) (layers *.Cu *.Mask F.SilkS)
      (net 2 "Net-(C1-Pad1)"))
    (model discret/capacitor/cp_5x11mm.wrl
      (at (xyz 0 0 0))
      (scale (xyz 1 1 1))
      (rotate (xyz 0 0 0))
    )
  )

  (module user:Capacitor_elect (layer F.Cu) (tedit 51C9C7BE) (tstamp 5D66406E)
    (at 182.88 62.23 180)
    (descr "Capacitor, pol, cyl 5x11mm")
    (path /5D640CAD)
    (fp_text reference C2 (at 0 -3.81) (layer F.SilkS)
      (effects (font (size 1 1) (thickness 0.15)))
    )
    (fp_text value "10 u" (at 0 3.81) (layer F.SilkS)
      (effects (font (size 1.524 1.524) (thickness 0.3048)))
    )
    (fp_circle (center 0 0) (end -2.54 0) (layer F.SilkS) (width 0.254))
    (fp_line (start -1.524 -2.032) (end 1.524 -2.032) (layer F.SilkS) (width 0.254))
    (fp_line (start -1.016 -2.159) (end 1.016 -2.159) (layer F.SilkS) (width 0.254))
    (fp_line (start -1.016 -2.286) (end -1.016 -2.159) (layer F.SilkS) (width 0.254))
    (fp_line (start 1.016 -2.286) (end -1.016 -2.286) (layer F.SilkS) (width 0.254))
    (fp_line (start 0.889 -1.27) (end 1.778 -1.27) (layer F.SilkS) (width 0.254))
    (pad 1 thru_hole circle (at 0 1.27 180) (size 1.99898 1.99898) (drill 0.8001) (layers *.Cu *.Mask F.SilkS)
      (net 3 "Net-(C2-Pad1)"))
    (pad 2 thru_hole circle (at 0 -1.27 180) (size 1.99898 1.99898) (drill 0.8001) (layers *.Cu *.Mask F.SilkS)
      (net 4 "Net-(C2-Pad2)"))
    (model discret/capacitor/cp_5x11mm.wrl
      (at (xyz 0 0 0))
      (scale (xyz 1 1 1))
      (rotate (xyz 0 0 0))
    )
  )

  (module user:Capacitor_elect (layer F.Cu) (tedit 51C9C7BE) (tstamp 5D66407A)
    (at 182.88 54.61)
    (descr "Capacitor, pol, cyl 5x11mm")
    (path /5D6423C3)
    (fp_text reference C3 (at 0 -3.81) (layer F.SilkS)
      (effects (font (size 1 1) (thickness 0.15)))
    )
    (fp_text value "10 u" (at 0 3.81) (layer F.SilkS)
      (effects (font (size 1.524 1.524) (thickness 0.3048)))
    )
    (fp_circle (center 0 0) (end -2.54 0) (layer F.SilkS) (width 0.254))
    (fp_line (start -1.524 -2.032) (end 1.524 -2.032) (layer F.SilkS) (width 0.254))
    (fp_line (start -1.016 -2.159) (end 1.016 -2.159) (layer F.SilkS) (width 0.254))
    (fp_line (start -1.016 -2.286) (end -1.016 -2.159) (layer F.SilkS) (width 0.254))
    (fp_line (start 1.016 -2.286) (end -1.016 -2.286) (layer F.SilkS) (width 0.254))
    (fp_line (start 0.889 -1.27) (end 1.778 -1.27) (layer F.SilkS) (width 0.254))
    (pad 1 thru_hole circle (at 0 1.27) (size 1.99898 1.99898) (drill 0.8001) (layers *.Cu *.Mask F.SilkS)
      (net 5 "Net-(C3-Pad1)"))
    (pad 2 thru_hole circle (at 0 -1.27) (size 1.99898 1.99898) (drill 0.8001) (layers *.Cu *.Mask F.SilkS)
      (net 6 GNDA))
    (model discret/capacitor/cp_5x11mm.wrl
      (at (xyz 0 0 0))
      (scale (xyz 1 1 1))
      (rotate (xyz 0 0 0))
    )
  )

  (module user:Capacitor_elect (layer F.Cu) (tedit 51C9C7BE) (tstamp 5D664086)
    (at 172.72 76.2 270)
    (descr "Capacitor, pol, cyl 5x11mm")
    (path /5D6417D8)
    (fp_text reference C4 (at 0 -3.81 90) (layer F.SilkS)
      (effects (font (size 1 1) (thickness 0.15)))
    )
    (fp_text value "10 u" (at 0 3.81 90) (layer F.SilkS)
      (effects (font (size 1.524 1.524) (thickness 0.3048)))
    )
    (fp_line (start 0.889 -1.27) (end 1.778 -1.27) (layer F.SilkS) (width 0.254))
    (fp_line (start 1.016 -2.286) (end -1.016 -2.286) (layer F.SilkS) (width 0.254))
    (fp_line (start -1.016 -2.286) (end -1.016 -2.159) (layer F.SilkS) (width 0.254))
    (fp_line (start -1.016 -2.159) (end 1.016 -2.159) (layer F.SilkS) (width 0.254))
    (fp_line (start -1.524 -2.032) (end 1.524 -2.032) (layer F.SilkS) (width 0.254))
    (fp_circle (center 0 0) (end -2.54 0) (layer F.SilkS) (width 0.254))
    (pad 2 thru_hole circle (at 0 -1.27 270) (size 1.99898 1.99898) (drill 0.8001) (layers *.Cu *.Mask F.SilkS)
      (net 7 "Net-(C4-Pad2)"))
    (pad 1 thru_hole circle (at 0 1.27 270) (size 1.99898 1.99898) (drill 0.8001) (layers *.Cu *.Mask F.SilkS)
      (net 8 +5VA))
    (model discret/capacitor/cp_5x11mm.wrl
      (at (xyz 0 0 0))
      (scale (xyz 1 1 1))
      (rotate (xyz 0 0 0))
    )
  )

  (module user:Capacitor_elect (layer F.Cu) (tedit 51C9C7BE) (tstamp 5D664092)
    (at 163.83 67.31 180)
    (descr "Capacitor, pol, cyl 5x11mm")
    (path /5D64320F)
    (fp_text reference C5 (at 0 -3.81) (layer F.SilkS)
      (effects (font (size 1 1) (thickness 0.15)))
    )
    (fp_text value "10 u" (at 0 3.81) (layer F.SilkS)
      (effects (font (size 1.524 1.524) (thickness 0.3048)))
    )
    (fp_line (start 0.889 -1.27) (end 1.778 -1.27) (layer F.SilkS) (width 0.254))
    (fp_line (start 1.016 -2.286) (end -1.016 -2.286) (layer F.SilkS) (width 0.254))
    (fp_line (start -1.016 -2.286) (end -1.016 -2.159) (layer F.SilkS) (width 0.254))
    (fp_line (start -1.016 -2.159) (end 1.016 -2.159) (layer F.SilkS) (width 0.254))
    (fp_line (start -1.524 -2.032) (end 1.524 -2.032) (layer F.SilkS) (width 0.254))
    (fp_circle (center 0 0) (end -2.54 0) (layer F.SilkS) (width 0.254))
    (pad 2 thru_hole circle (at 0 -1.27 180) (size 1.99898 1.99898) (drill 0.8001) (layers *.Cu *.Mask F.SilkS)
      (net 8 +5VA))
    (pad 1 thru_hole circle (at 0 1.27 180) (size 1.99898 1.99898) (drill 0.8001) (layers *.Cu *.Mask F.SilkS)
      (net 6 GNDA))
    (model discret/capacitor/cp_5x11mm.wrl
      (at (xyz 0 0 0))
      (scale (xyz 1 1 1))
      (rotate (xyz 0 0 0))
    )
  )

  (module user:Led (layer F.Cu) (tedit 51C9C4D1) (tstamp 5D66409C)
    (at 143.51 83.82 270)
    (descr "Led verticale diam 6mm")
    (tags "LED DEV")
    (path /5D75E6C8)
    (fp_text reference D1 (at 0 -3.81 90) (layer F.SilkS)
      (effects (font (size 1.524 1.524) (thickness 0.3048)))
    )
    (fp_text value LED (at 0 -3.81 90) (layer F.SilkS) hide
      (effects (font (size 1.524 1.524) (thickness 0.3048)))
    )
    (fp_circle (center 0 0) (end -2.54 0) (layer F.SilkS) (width 0.3048))
    (fp_line (start 2.54 -0.635) (end 1.905 -0.635) (layer F.SilkS) (width 0.3048))
    (fp_line (start 1.905 -0.635) (end 1.905 0.635) (layer F.SilkS) (width 0.3048))
    (fp_line (start 1.905 0.635) (end 2.54 0.635) (layer F.SilkS) (width 0.3048))
    (pad 2 thru_hole circle (at 1.27 0 270) (size 2.032 2.032) (drill 0.8128) (layers *.Cu *.Mask F.SilkS)
      (net 9 "Net-(D1-Pad2)"))
    (pad 1 thru_hole circle (at -1.27 0 270) (size 2.032 2.032) (drill 0.8128) (layers *.Cu *.Mask F.SilkS)
      (net 6 GNDA))
    (model discret/led5_vertical.wrl
      (at (xyz 0 0 0))
      (scale (xyz 1 1 1))
      (rotate (xyz 0 0 0))
    )
  )

  (module user:Led (layer F.Cu) (tedit 51C9C4D1) (tstamp 5D6640A6)
    (at 149.86 83.82 270)
    (descr "Led verticale diam 6mm")
    (tags "LED DEV")
    (path /5D75FA66)
    (fp_text reference D2 (at 0 -3.81 90) (layer F.SilkS)
      (effects (font (size 1.524 1.524) (thickness 0.3048)))
    )
    (fp_text value LED (at 0 -3.81 90) (layer F.SilkS) hide
      (effects (font (size 1.524 1.524) (thickness 0.3048)))
    )
    (fp_circle (center 0 0) (end -2.54 0) (layer F.SilkS) (width 0.3048))
    (fp_line (start 2.54 -0.635) (end 1.905 -0.635) (layer F.SilkS) (width 0.3048))
    (fp_line (start 1.905 -0.635) (end 1.905 0.635) (layer F.SilkS) (width 0.3048))
    (fp_line (start 1.905 0.635) (end 2.54 0.635) (layer F.SilkS) (width 0.3048))
    (pad 2 thru_hole circle (at 1.27 0 270) (size 2.032 2.032) (drill 0.8128) (layers *.Cu *.Mask F.SilkS)
      (net 10 "Net-(D2-Pad2)"))
    (pad 1 thru_hole circle (at -1.27 0 270) (size 2.032 2.032) (drill 0.8128) (layers *.Cu *.Mask F.SilkS)
      (net 6 GNDA))
    (model discret/led5_vertical.wrl
      (at (xyz 0 0 0))
      (scale (xyz 1 1 1))
      (rotate (xyz 0 0 0))
    )
  )

  (module user:Led (layer F.Cu) (tedit 51C9C4D1) (tstamp 5D6640B0)
    (at 158.75 83.82 270)
    (descr "Led verticale diam 6mm")
    (tags "LED DEV")
    (path /5D76068B)
    (fp_text reference D3 (at 0 -3.81 90) (layer F.SilkS)
      (effects (font (size 1.524 1.524) (thickness 0.3048)))
    )
    (fp_text value LED (at 0 -3.81 90) (layer F.SilkS) hide
      (effects (font (size 1.524 1.524) (thickness 0.3048)))
    )
    (fp_line (start 1.905 0.635) (end 2.54 0.635) (layer F.SilkS) (width 0.3048))
    (fp_line (start 1.905 -0.635) (end 1.905 0.635) (layer F.SilkS) (width 0.3048))
    (fp_line (start 2.54 -0.635) (end 1.905 -0.635) (layer F.SilkS) (width 0.3048))
    (fp_circle (center 0 0) (end -2.54 0) (layer F.SilkS) (width 0.3048))
    (pad 1 thru_hole circle (at -1.27 0 270) (size 2.032 2.032) (drill 0.8128) (layers *.Cu *.Mask F.SilkS)
      (net 6 GNDA))
    (pad 2 thru_hole circle (at 1.27 0 270) (size 2.032 2.032) (drill 0.8128) (layers *.Cu *.Mask F.SilkS)
      (net 11 "Net-(D3-Pad2)"))
    (model discret/led5_vertical.wrl
      (at (xyz 0 0 0))
      (scale (xyz 1 1 1))
      (rotate (xyz 0 0 0))
    )
  )

  (module user:Led (layer F.Cu) (tedit 51C9C4D1) (tstamp 5D6640BA)
    (at 166.37 83.82 270)
    (descr "Led verticale diam 6mm")
    (tags "LED DEV")
    (path /5D760E62)
    (fp_text reference D4 (at 0 -3.81 90) (layer F.SilkS)
      (effects (font (size 1.524 1.524) (thickness 0.3048)))
    )
    (fp_text value LED (at 0 -3.81 90) (layer F.SilkS) hide
      (effects (font (size 1.524 1.524) (thickness 0.3048)))
    )
    (fp_circle (center 0 0) (end -2.54 0) (layer F.SilkS) (width 0.3048))
    (fp_line (start 2.54 -0.635) (end 1.905 -0.635) (layer F.SilkS) (width 0.3048))
    (fp_line (start 1.905 -0.635) (end 1.905 0.635) (layer F.SilkS) (width 0.3048))
    (fp_line (start 1.905 0.635) (end 2.54 0.635) (layer F.SilkS) (width 0.3048))
    (pad 2 thru_hole circle (at 1.27 0 270) (size 2.032 2.032) (drill 0.8128) (layers *.Cu *.Mask F.SilkS)
      (net 12 "Net-(D4-Pad2)"))
    (pad 1 thru_hole circle (at -1.27 0 270) (size 2.032 2.032) (drill 0.8128) (layers *.Cu *.Mask F.SilkS)
      (net 6 GNDA))
    (model discret/led5_vertical.wrl
      (at (xyz 0 0 0))
      (scale (xyz 1 1 1))
      (rotate (xyz 0 0 0))
    )
  )

  (module user:Led (layer F.Cu) (tedit 51C9C4D1) (tstamp 5D6640C4)
    (at 173.99 83.82 270)
    (descr "Led verticale diam 6mm")
    (tags "LED DEV")
    (path /5D761704)
    (fp_text reference D5 (at 0 -3.81 90) (layer F.SilkS)
      (effects (font (size 1.524 1.524) (thickness 0.3048)))
    )
    (fp_text value LED (at 0 -3.81 90) (layer F.SilkS) hide
      (effects (font (size 1.524 1.524) (thickness 0.3048)))
    )
    (fp_line (start 1.905 0.635) (end 2.54 0.635) (layer F.SilkS) (width 0.3048))
    (fp_line (start 1.905 -0.635) (end 1.905 0.635) (layer F.SilkS) (width 0.3048))
    (fp_line (start 2.54 -0.635) (end 1.905 -0.635) (layer F.SilkS) (width 0.3048))
    (fp_circle (center 0 0) (end -2.54 0) (layer F.SilkS) (width 0.3048))
    (pad 1 thru_hole circle (at -1.27 0 270) (size 2.032 2.032) (drill 0.8128) (layers *.Cu *.Mask F.SilkS)
      (net 6 GNDA))
    (pad 2 thru_hole circle (at 1.27 0 270) (size 2.032 2.032) (drill 0.8128) (layers *.Cu *.Mask F.SilkS)
      (net 13 "Net-(D5-Pad2)"))
    (model discret/led5_vertical.wrl
      (at (xyz 0 0 0))
      (scale (xyz 1 1 1))
      (rotate (xyz 0 0 0))
    )
  )

  (module user:Led (layer F.Cu) (tedit 51C9C4D1) (tstamp 5D6640CE)
    (at 181.61 83.82 270)
    (descr "Led verticale diam 6mm")
    (tags "LED DEV")
    (path /5D761D7F)
    (fp_text reference D6 (at 0 -3.81 90) (layer F.SilkS)
      (effects (font (size 1.524 1.524) (thickness 0.3048)))
    )
    (fp_text value LED (at 0 -3.81 90) (layer F.SilkS) hide
      (effects (font (size 1.524 1.524) (thickness 0.3048)))
    )
    (fp_circle (center 0 0) (end -2.54 0) (layer F.SilkS) (width 0.3048))
    (fp_line (start 2.54 -0.635) (end 1.905 -0.635) (layer F.SilkS) (width 0.3048))
    (fp_line (start 1.905 -0.635) (end 1.905 0.635) (layer F.SilkS) (width 0.3048))
    (fp_line (start 1.905 0.635) (end 2.54 0.635) (layer F.SilkS) (width 0.3048))
    (pad 2 thru_hole circle (at 1.27 0 270) (size 2.032 2.032) (drill 0.8128) (layers *.Cu *.Mask F.SilkS)
      (net 14 "Net-(D6-Pad2)"))
    (pad 1 thru_hole circle (at -1.27 0 270) (size 2.032 2.032) (drill 0.8128) (layers *.Cu *.Mask F.SilkS)
      (net 6 GNDA))
    (model discret/led5_vertical.wrl
      (at (xyz 0 0 0))
      (scale (xyz 1 1 1))
      (rotate (xyz 0 0 0))
    )
  )

  (module user:Led (layer F.Cu) (tedit 51C9C4D1) (tstamp 5D6640D8)
    (at 189.23 83.82 270)
    (descr "Led verticale diam 6mm")
    (tags "LED DEV")
    (path /5D762142)
    (fp_text reference D7 (at 0 -3.81 90) (layer F.SilkS)
      (effects (font (size 1.524 1.524) (thickness 0.3048)))
    )
    (fp_text value LED (at 0 -3.81 90) (layer F.SilkS) hide
      (effects (font (size 1.524 1.524) (thickness 0.3048)))
    )
    (fp_line (start 1.905 0.635) (end 2.54 0.635) (layer F.SilkS) (width 0.3048))
    (fp_line (start 1.905 -0.635) (end 1.905 0.635) (layer F.SilkS) (width 0.3048))
    (fp_line (start 2.54 -0.635) (end 1.905 -0.635) (layer F.SilkS) (width 0.3048))
    (fp_circle (center 0 0) (end -2.54 0) (layer F.SilkS) (width 0.3048))
    (pad 1 thru_hole circle (at -1.27 0 270) (size 2.032 2.032) (drill 0.8128) (layers *.Cu *.Mask F.SilkS)
      (net 6 GNDA))
    (pad 2 thru_hole circle (at 1.27 0 270) (size 2.032 2.032) (drill 0.8128) (layers *.Cu *.Mask F.SilkS)
      (net 15 "Net-(D7-Pad2)"))
    (model discret/led5_vertical.wrl
      (at (xyz 0 0 0))
      (scale (xyz 1 1 1))
      (rotate (xyz 0 0 0))
    )
  )

  (module user:Led (layer F.Cu) (tedit 51C9C4D1) (tstamp 5D6640E2)
    (at 196.85 83.82 270)
    (descr "Led verticale diam 6mm")
    (tags "LED DEV")
    (path /5D76269B)
    (fp_text reference D8 (at 0 -3.81 90) (layer F.SilkS)
      (effects (font (size 1.524 1.524) (thickness 0.3048)))
    )
    (fp_text value LED (at 0 -3.81 90) (layer F.SilkS) hide
      (effects (font (size 1.524 1.524) (thickness 0.3048)))
    )
    (fp_circle (center 0 0) (end -2.54 0) (layer F.SilkS) (width 0.3048))
    (fp_line (start 2.54 -0.635) (end 1.905 -0.635) (layer F.SilkS) (width 0.3048))
    (fp_line (start 1.905 -0.635) (end 1.905 0.635) (layer F.SilkS) (width 0.3048))
    (fp_line (start 1.905 0.635) (end 2.54 0.635) (layer F.SilkS) (width 0.3048))
    (pad 2 thru_hole circle (at 1.27 0 270) (size 2.032 2.032) (drill 0.8128) (layers *.Cu *.Mask F.SilkS)
      (net 16 "Net-(D8-Pad2)"))
    (pad 1 thru_hole circle (at -1.27 0 270) (size 2.032 2.032) (drill 0.8128) (layers *.Cu *.Mask F.SilkS)
      (net 6 GNDA))
    (model discret/led5_vertical.wrl
      (at (xyz 0 0 0))
      (scale (xyz 1 1 1))
      (rotate (xyz 0 0 0))
    )
  )

  (module user:Led (layer F.Cu) (tedit 51C9C4D1) (tstamp 5D6640EC)
    (at 160.02 54.61 270)
    (descr "Led verticale diam 6mm")
    (tags "LED DEV")
    (path /5D6472CB)
    (fp_text reference D9 (at 0 -3.81 90) (layer F.SilkS)
      (effects (font (size 1.524 1.524) (thickness 0.3048)))
    )
    (fp_text value LED (at 0 -3.81 90) (layer F.SilkS) hide
      (effects (font (size 1.524 1.524) (thickness 0.3048)))
    )
    (fp_line (start 1.905 0.635) (end 2.54 0.635) (layer F.SilkS) (width 0.3048))
    (fp_line (start 1.905 -0.635) (end 1.905 0.635) (layer F.SilkS) (width 0.3048))
    (fp_line (start 2.54 -0.635) (end 1.905 -0.635) (layer F.SilkS) (width 0.3048))
    (fp_circle (center 0 0) (end -2.54 0) (layer F.SilkS) (width 0.3048))
    (pad 1 thru_hole circle (at -1.27 0 270) (size 2.032 2.032) (drill 0.8128) (layers *.Cu *.Mask F.SilkS)
      (net 17 "Net-(D9-Pad1)"))
    (pad 2 thru_hole circle (at 1.27 0 270) (size 2.032 2.032) (drill 0.8128) (layers *.Cu *.Mask F.SilkS)
      (net 18 "Net-(D9-Pad2)"))
    (model discret/led5_vertical.wrl
      (at (xyz 0 0 0))
      (scale (xyz 1 1 1))
      (rotate (xyz 0 0 0))
    )
  )

  (module user:pinhead-1X03 (layer F.Cu) (tedit 51E43B5B) (tstamp 5D664106)
    (at 145.796 50.8 180)
    (descr "PIN HEADER - 0.1\"")
    (tags "PIN HEADER - 0.1\"")
    (path /5D5361EB)
    (attr virtual)
    (fp_text reference JP1 (at -0.7112 -2.4638) (layer B.SilkS)
      (effects (font (size 1.27 1.27) (thickness 0.0889)))
    )
    (fp_text value PINHD-1X3 (at 0 2.54) (layer B.SilkS)
      (effects (font (size 1.27 1.27) (thickness 0.0889)))
    )
    (fp_line (start -1.27 -1.27) (end -1.27 1.27) (layer F.SilkS) (width 0.254))
    (fp_line (start 3.81 1.27) (end -3.81 1.27) (layer F.SilkS) (width 0.254))
    (fp_line (start 3.81 -1.27) (end 3.81 1.27) (layer F.SilkS) (width 0.254))
    (fp_line (start -1.27 -1.27) (end 3.81 -1.27) (layer F.SilkS) (width 0.254))
    (fp_line (start -3.81 -1.27) (end -1.27 -1.27) (layer F.SilkS) (width 0.254))
    (fp_line (start -3.81 -1.27) (end -3.81 1.27) (layer F.SilkS) (width 0.254))
    (fp_line (start 2.286 0.254) (end 2.286 -0.254) (layer F.SilkS) (width 0.06604))
    (fp_line (start 2.286 -0.254) (end 2.794 -0.254) (layer F.SilkS) (width 0.06604))
    (fp_line (start 2.794 0.254) (end 2.794 -0.254) (layer F.SilkS) (width 0.06604))
    (fp_line (start 2.286 0.254) (end 2.794 0.254) (layer F.SilkS) (width 0.06604))
    (fp_line (start -2.794 0.254) (end -2.794 -0.254) (layer F.SilkS) (width 0.06604))
    (fp_line (start -2.794 -0.254) (end -2.286 -0.254) (layer F.SilkS) (width 0.06604))
    (fp_line (start -2.286 0.254) (end -2.286 -0.254) (layer F.SilkS) (width 0.06604))
    (fp_line (start -2.794 0.254) (end -2.286 0.254) (layer F.SilkS) (width 0.06604))
    (fp_line (start -0.254 0.254) (end -0.254 -0.254) (layer F.SilkS) (width 0.06604))
    (fp_line (start -0.254 -0.254) (end 0.254 -0.254) (layer F.SilkS) (width 0.06604))
    (fp_line (start 0.254 0.254) (end 0.254 -0.254) (layer F.SilkS) (width 0.06604))
    (fp_line (start -0.254 0.254) (end 0.254 0.254) (layer F.SilkS) (width 0.06604))
    (pad 3 thru_hole oval (at 2.54 0 180) (size 1.3208 2.6416) (drill 0.889) (layers *.Cu *.Mask F.SilkS)
      (net 8 +5VA))
    (pad 2 thru_hole oval (at 0 0 180) (size 1.3208 2.6416) (drill 0.889) (layers *.Cu *.Mask F.SilkS)
      (net 8 +5VA))
    (pad 1 thru_hole oval (at -2.54 0 180) (size 1.3208 2.6416) (drill 0.889) (layers *.Cu *.Mask F.SilkS)
      (net 8 +5VA))
    (pad 1 thru_hole rect (at -2.54 0 180) (size 1.524 0) (drill 1.016) (layers *.Cu F.Paste F.SilkS F.Mask)
      (net 8 +5VA))
  )

  (module user:pinhead-1X03 (layer F.Cu) (tedit 51E43B5B) (tstamp 5D664120)
    (at 147.32 56.642)
    (descr "PIN HEADER - 0.1\"")
    (tags "PIN HEADER - 0.1\"")
    (path /5D537195)
    (attr virtual)
    (fp_text reference JP2 (at -0.7112 -2.4638) (layer B.SilkS)
      (effects (font (size 1.27 1.27) (thickness 0.0889)))
    )
    (fp_text value PINHD-1X3 (at 0 2.54) (layer B.SilkS)
      (effects (font (size 1.27 1.27) (thickness 0.0889)))
    )
    (fp_line (start -0.254 0.254) (end 0.254 0.254) (layer F.SilkS) (width 0.06604))
    (fp_line (start 0.254 0.254) (end 0.254 -0.254) (layer F.SilkS) (width 0.06604))
    (fp_line (start -0.254 -0.254) (end 0.254 -0.254) (layer F.SilkS) (width 0.06604))
    (fp_line (start -0.254 0.254) (end -0.254 -0.254) (layer F.SilkS) (width 0.06604))
    (fp_line (start -2.794 0.254) (end -2.286 0.254) (layer F.SilkS) (width 0.06604))
    (fp_line (start -2.286 0.254) (end -2.286 -0.254) (layer F.SilkS) (width 0.06604))
    (fp_line (start -2.794 -0.254) (end -2.286 -0.254) (layer F.SilkS) (width 0.06604))
    (fp_line (start -2.794 0.254) (end -2.794 -0.254) (layer F.SilkS) (width 0.06604))
    (fp_line (start 2.286 0.254) (end 2.794 0.254) (layer F.SilkS) (width 0.06604))
    (fp_line (start 2.794 0.254) (end 2.794 -0.254) (layer F.SilkS) (width 0.06604))
    (fp_line (start 2.286 -0.254) (end 2.794 -0.254) (layer F.SilkS) (width 0.06604))
    (fp_line (start 2.286 0.254) (end 2.286 -0.254) (layer F.SilkS) (width 0.06604))
    (fp_line (start -3.81 -1.27) (end -3.81 1.27) (layer F.SilkS) (width 0.254))
    (fp_line (start -3.81 -1.27) (end -1.27 -1.27) (layer F.SilkS) (width 0.254))
    (fp_line (start -1.27 -1.27) (end 3.81 -1.27) (layer F.SilkS) (width 0.254))
    (fp_line (start 3.81 -1.27) (end 3.81 1.27) (layer F.SilkS) (width 0.254))
    (fp_line (start 3.81 1.27) (end -3.81 1.27) (layer F.SilkS) (width 0.254))
    (fp_line (start -1.27 -1.27) (end -1.27 1.27) (layer F.SilkS) (width 0.254))
    (pad 1 thru_hole rect (at -2.54 0) (size 1.524 0) (drill 1.016) (layers *.Cu F.Paste F.SilkS F.Mask)
      (net 6 GNDA))
    (pad 1 thru_hole oval (at -2.54 0) (size 1.3208 2.6416) (drill 0.889) (layers *.Cu *.Mask F.SilkS)
      (net 6 GNDA))
    (pad 2 thru_hole oval (at 0 0) (size 1.3208 2.6416) (drill 0.889) (layers *.Cu *.Mask F.SilkS)
      (net 6 GNDA))
    (pad 3 thru_hole oval (at 2.54 0) (size 1.3208 2.6416) (drill 0.889) (layers *.Cu *.Mask F.SilkS)
      (net 6 GNDA))
  )

  (module user:pinhead-1X03 (layer F.Cu) (tedit 51E43B5B) (tstamp 5D66413A)
    (at 151.13 115.57)
    (descr "PIN HEADER - 0.1\"")
    (tags "PIN HEADER - 0.1\"")
    (path /5D60DC3C)
    (attr virtual)
    (fp_text reference JP3 (at -0.7112 -2.4638) (layer B.SilkS)
      (effects (font (size 1.27 1.27) (thickness 0.0889)))
    )
    (fp_text value PINHD-1X3 (at 0 2.54) (layer B.SilkS)
      (effects (font (size 1.27 1.27) (thickness 0.0889)))
    )
    (fp_line (start -0.254 0.254) (end 0.254 0.254) (layer F.SilkS) (width 0.06604))
    (fp_line (start 0.254 0.254) (end 0.254 -0.254) (layer F.SilkS) (width 0.06604))
    (fp_line (start -0.254 -0.254) (end 0.254 -0.254) (layer F.SilkS) (width 0.06604))
    (fp_line (start -0.254 0.254) (end -0.254 -0.254) (layer F.SilkS) (width 0.06604))
    (fp_line (start -2.794 0.254) (end -2.286 0.254) (layer F.SilkS) (width 0.06604))
    (fp_line (start -2.286 0.254) (end -2.286 -0.254) (layer F.SilkS) (width 0.06604))
    (fp_line (start -2.794 -0.254) (end -2.286 -0.254) (layer F.SilkS) (width 0.06604))
    (fp_line (start -2.794 0.254) (end -2.794 -0.254) (layer F.SilkS) (width 0.06604))
    (fp_line (start 2.286 0.254) (end 2.794 0.254) (layer F.SilkS) (width 0.06604))
    (fp_line (start 2.794 0.254) (end 2.794 -0.254) (layer F.SilkS) (width 0.06604))
    (fp_line (start 2.286 -0.254) (end 2.794 -0.254) (layer F.SilkS) (width 0.06604))
    (fp_line (start 2.286 0.254) (end 2.286 -0.254) (layer F.SilkS) (width 0.06604))
    (fp_line (start -3.81 -1.27) (end -3.81 1.27) (layer F.SilkS) (width 0.254))
    (fp_line (start -3.81 -1.27) (end -1.27 -1.27) (layer F.SilkS) (width 0.254))
    (fp_line (start -1.27 -1.27) (end 3.81 -1.27) (layer F.SilkS) (width 0.254))
    (fp_line (start 3.81 -1.27) (end 3.81 1.27) (layer F.SilkS) (width 0.254))
    (fp_line (start 3.81 1.27) (end -3.81 1.27) (layer F.SilkS) (width 0.254))
    (fp_line (start -1.27 -1.27) (end -1.27 1.27) (layer F.SilkS) (width 0.254))
    (pad 1 thru_hole rect (at -2.54 0) (size 1.524 0) (drill 1.016) (layers *.Cu F.Paste F.SilkS F.Mask)
      (net 19 "Net-(JP3-Pad1)"))
    (pad 1 thru_hole oval (at -2.54 0) (size 1.3208 2.6416) (drill 0.889) (layers *.Cu *.Mask F.SilkS)
      (net 19 "Net-(JP3-Pad1)"))
    (pad 2 thru_hole oval (at 0 0) (size 1.3208 2.6416) (drill 0.889) (layers *.Cu *.Mask F.SilkS)
      (net 20 "Net-(JP3-Pad2)"))
    (pad 3 thru_hole oval (at 2.54 0) (size 1.3208 2.6416) (drill 0.889) (layers *.Cu *.Mask F.SilkS)
      (net 21 "Net-(JP3-Pad3)"))
  )

  (module user:pinhead-1X08 (layer F.Cu) (tedit 51E43B04) (tstamp 5D66416D)
    (at 168.91 106.68)
    (descr "PIN HEADER - 0.1\"")
    (tags "PIN HEADER - 0.1\"")
    (path /5D759946)
    (attr virtual)
    (fp_text reference JP4 (at 0 2.54) (layer B.SilkS)
      (effects (font (size 1 1) (thickness 0.15)))
    )
    (fp_text value PINHD-1X8 (at -6.35 2.54) (layer B.SilkS) hide
      (effects (font (size 1.27 1.27) (thickness 0.0889)))
    )
    (fp_line (start -7.62 -1.27) (end -7.62 1.27) (layer F.SilkS) (width 0.254))
    (fp_line (start 10.16 1.27) (end -10.16 1.27) (layer F.SilkS) (width 0.254))
    (fp_line (start -7.62 -1.27) (end 10.16 -1.27) (layer F.SilkS) (width 0.254))
    (fp_line (start -10.16 -1.27) (end -7.62 -1.27) (layer F.SilkS) (width 0.254))
    (fp_line (start 10.16 -1.27) (end 10.16 1.27) (layer F.SilkS) (width 0.254))
    (fp_line (start -10.16 -1.27) (end -10.16 1.27) (layer F.SilkS) (width 0.254))
    (fp_line (start 8.636 0.254) (end 8.636 -0.254) (layer F.SilkS) (width 0.06604))
    (fp_line (start 8.636 -0.254) (end 9.144 -0.254) (layer F.SilkS) (width 0.06604))
    (fp_line (start 9.144 0.254) (end 9.144 -0.254) (layer F.SilkS) (width 0.06604))
    (fp_line (start 8.636 0.254) (end 9.144 0.254) (layer F.SilkS) (width 0.06604))
    (fp_line (start -9.144 0.254) (end -9.144 -0.254) (layer F.SilkS) (width 0.06604))
    (fp_line (start -9.144 -0.254) (end -8.636 -0.254) (layer F.SilkS) (width 0.06604))
    (fp_line (start -8.636 0.254) (end -8.636 -0.254) (layer F.SilkS) (width 0.06604))
    (fp_line (start -9.144 0.254) (end -8.636 0.254) (layer F.SilkS) (width 0.06604))
    (fp_line (start -6.604 0.254) (end -6.604 -0.254) (layer F.SilkS) (width 0.06604))
    (fp_line (start -6.604 -0.254) (end -6.096 -0.254) (layer F.SilkS) (width 0.06604))
    (fp_line (start -6.096 0.254) (end -6.096 -0.254) (layer F.SilkS) (width 0.06604))
    (fp_line (start -6.604 0.254) (end -6.096 0.254) (layer F.SilkS) (width 0.06604))
    (fp_line (start -4.064 0.254) (end -4.064 -0.254) (layer F.SilkS) (width 0.06604))
    (fp_line (start -4.064 -0.254) (end -3.556 -0.254) (layer F.SilkS) (width 0.06604))
    (fp_line (start -3.556 0.254) (end -3.556 -0.254) (layer F.SilkS) (width 0.06604))
    (fp_line (start -4.064 0.254) (end -3.556 0.254) (layer F.SilkS) (width 0.06604))
    (fp_line (start -1.524 0.254) (end -1.524 -0.254) (layer F.SilkS) (width 0.06604))
    (fp_line (start -1.524 -0.254) (end -1.016 -0.254) (layer F.SilkS) (width 0.06604))
    (fp_line (start -1.016 0.254) (end -1.016 -0.254) (layer F.SilkS) (width 0.06604))
    (fp_line (start -1.524 0.254) (end -1.016 0.254) (layer F.SilkS) (width 0.06604))
    (fp_line (start 1.016 0.254) (end 1.016 -0.254) (layer F.SilkS) (width 0.06604))
    (fp_line (start 1.016 -0.254) (end 1.524 -0.254) (layer F.SilkS) (width 0.06604))
    (fp_line (start 1.524 0.254) (end 1.524 -0.254) (layer F.SilkS) (width 0.06604))
    (fp_line (start 1.016 0.254) (end 1.524 0.254) (layer F.SilkS) (width 0.06604))
    (fp_line (start 3.556 0.254) (end 3.556 -0.254) (layer F.SilkS) (width 0.06604))
    (fp_line (start 3.556 -0.254) (end 4.064 -0.254) (layer F.SilkS) (width 0.06604))
    (fp_line (start 4.064 0.254) (end 4.064 -0.254) (layer F.SilkS) (width 0.06604))
    (fp_line (start 3.556 0.254) (end 4.064 0.254) (layer F.SilkS) (width 0.06604))
    (fp_line (start 6.096 0.254) (end 6.096 -0.254) (layer F.SilkS) (width 0.06604))
    (fp_line (start 6.096 -0.254) (end 6.604 -0.254) (layer F.SilkS) (width 0.06604))
    (fp_line (start 6.604 0.254) (end 6.604 -0.254) (layer F.SilkS) (width 0.06604))
    (fp_line (start 6.096 0.254) (end 6.604 0.254) (layer F.SilkS) (width 0.06604))
    (pad 8 thru_hole oval (at 8.89 0) (size 1.3208 2.6416) (drill 0.889) (layers *.Cu *.Mask F.SilkS)
      (net 22 "Net-(JP4-Pad8)"))
    (pad 7 thru_hole oval (at 6.35 0) (size 1.3208 2.6416) (drill 0.889) (layers *.Cu *.Mask F.SilkS)
      (net 23 "Net-(JP4-Pad7)"))
    (pad 6 thru_hole oval (at 3.81 0) (size 1.3208 2.6416) (drill 0.889) (layers *.Cu *.Mask F.SilkS)
      (net 24 "Net-(JP4-Pad6)"))
    (pad 5 thru_hole oval (at 1.27 0) (size 1.3208 2.6416) (drill 0.889) (layers *.Cu *.Mask F.SilkS)
      (net 25 "Net-(JP4-Pad5)"))
    (pad 4 thru_hole oval (at -1.27 0) (size 1.3208 2.6416) (drill 0.889) (layers *.Cu *.Mask F.SilkS)
      (net 26 "Net-(JP4-Pad4)"))
    (pad 3 thru_hole oval (at -3.81 0) (size 1.3208 2.6416) (drill 0.889) (layers *.Cu *.Mask F.SilkS)
      (net 27 "Net-(JP4-Pad3)"))
    (pad 2 thru_hole oval (at -6.35 0) (size 1.3208 2.6416) (drill 0.889) (layers *.Cu *.Mask F.SilkS)
      (net 28 "Net-(JP4-Pad2)"))
    (pad 1 thru_hole oval (at -8.89 0) (size 1.3208 2.6416) (drill 0.889) (layers *.Cu *.Mask F.SilkS)
      (net 29 "Net-(JP4-Pad1)"))
    (pad 1 thru_hole rect (at -8.89 0) (size 1.524 0) (drill 1.016) (layers *.Cu F.Paste F.SilkS F.Mask)
      (net 29 "Net-(JP4-Pad1)"))
  )

  (module user:pinhead-1X02 (layer F.Cu) (tedit 51E43B49) (tstamp 5D664182)
    (at 154.94 60.96 90)
    (descr "PIN HEADER - 0.1\"")
    (tags "PIN HEADER - 0.1\"")
    (path /5D646673)
    (attr virtual)
    (fp_text reference JP5 (at 0.5588 -2.4638 90) (layer B.SilkS)
      (effects (font (size 1.27 1.27) (thickness 0.0889)))
    )
    (fp_text value PINHD-1X2 (at 1.27 2.54 90) (layer B.SilkS)
      (effects (font (size 1.27 1.27) (thickness 0.0889)))
    )
    (fp_line (start -1.524 0.254) (end -1.016 0.254) (layer F.SilkS) (width 0.06604))
    (fp_line (start -1.016 0.254) (end -1.016 -0.254) (layer F.SilkS) (width 0.06604))
    (fp_line (start -1.524 -0.254) (end -1.016 -0.254) (layer F.SilkS) (width 0.06604))
    (fp_line (start -1.524 0.254) (end -1.524 -0.254) (layer F.SilkS) (width 0.06604))
    (fp_line (start 1.016 0.254) (end 1.524 0.254) (layer F.SilkS) (width 0.06604))
    (fp_line (start 1.524 0.254) (end 1.524 -0.254) (layer F.SilkS) (width 0.06604))
    (fp_line (start 1.016 -0.254) (end 1.524 -0.254) (layer F.SilkS) (width 0.06604))
    (fp_line (start 1.016 0.254) (end 1.016 -0.254) (layer F.SilkS) (width 0.06604))
    (fp_line (start -2.54 -1.27) (end -2.54 1.27) (layer F.SilkS) (width 0.254))
    (fp_line (start 2.54 1.27) (end -2.54 1.27) (layer F.SilkS) (width 0.254))
    (fp_line (start -2.54 -1.27) (end 0 -1.27) (layer F.SilkS) (width 0.254))
    (fp_line (start 0 -1.27) (end 2.54 -1.27) (layer F.SilkS) (width 0.254))
    (fp_line (start 2.54 -1.27) (end 2.54 1.27) (layer F.SilkS) (width 0.254))
    (fp_line (start 0 -1.27) (end 0 1.27) (layer F.SilkS) (width 0.254))
    (pad 1 thru_hole rect (at -1.27 0 90) (size 1.524 0) (drill 1.016) (layers F&B.Cu F.Paste F.SilkS F.Mask)
      (net 30 "Net-(JP5-Pad1)"))
    (pad 1 thru_hole oval (at -1.27 0 90) (size 1.3208 2.6416) (drill 0.889) (layers *.Cu *.Mask F.SilkS)
      (net 30 "Net-(JP5-Pad1)"))
    (pad 2 thru_hole oval (at 1.27 0 90) (size 1.3208 2.6416) (drill 0.889) (layers *.Cu *.Mask F.SilkS)
      (net 17 "Net-(D9-Pad1)"))
  )

  (module user:pinhead-1X14 (layer F.Cu) (tedit 51E43BE6) (tstamp 5D6641D3)
    (at 191.77 135.89)
    (descr "PIN HEADER - 0.1\"")
    (tags "PIN HEADER - 0.1\"")
    (path /5D53EBDA)
    (attr virtual)
    (fp_text reference JP6 (at -14.6812 -2.4638) (layer B.SilkS)
      (effects (font (size 1.27 1.27) (thickness 0.0889)))
    )
    (fp_text value PINHD-1X14 (at -13.97 2.54) (layer B.SilkS)
      (effects (font (size 1.27 1.27) (thickness 0.0889)))
    )
    (fp_line (start 13.716 0.254) (end 14.224 0.254) (layer F.SilkS) (width 0.06604))
    (fp_line (start 14.224 0.254) (end 14.224 -0.254) (layer F.SilkS) (width 0.06604))
    (fp_line (start 13.716 -0.254) (end 14.224 -0.254) (layer F.SilkS) (width 0.06604))
    (fp_line (start 13.716 0.254) (end 13.716 -0.254) (layer F.SilkS) (width 0.06604))
    (fp_line (start 11.176 0.254) (end 11.684 0.254) (layer F.SilkS) (width 0.06604))
    (fp_line (start 11.684 0.254) (end 11.684 -0.254) (layer F.SilkS) (width 0.06604))
